   7.00000   15.00000   15.00000    0.00000    0.04809    0.04018    0.03477    0.03256    0.03834    0.11124    0.00000    0.06859    0.04625    0.15529    0.17949    0.03979    0.20562    0.14528    0.12529
  28.00000   15.00000   15.00000    0.00000    0.04843    0.03315    0.03493    0.02721    0.14622    0.09816    0.07382    0.08048    0.11165    0.13499    0.03689    0.13629    0.17556    0.31587    0.20933
  42.00000   15.00000   15.00000    0.00000    0.04769    0.04503    0.04825    0.04397    0.14252    0.05211    0.13800    0.09270    0.13860    0.14270    0.19759    0.14791    0.26969    0.12392    0.14120
  49.00000   15.00000   15.00000    0.00000    0.04991    0.04239    0.06955    0.02188    0.06787    0.05285    0.11840    0.08080    0.10874    0.12031    0.09574    0.18134    0.29761    0.11472    0.10603
  56.00000   15.00000   15.00000    0.00000    0.04832    0.04027    0.01017    0.04759    0.08677    0.11818    0.07430    0.05013    0.13764    0.10350    0.16851    0.21730    0.22700    0.12590    0.33082
  70.00000   15.00000   15.00000    0.00000    0.04824    0.04715    0.03972    0.09103    0.14598    0.18256    0.14160    0.02479    0.14596    0.15532    0.18286    0.20082    0.17593    0.24617    0.18570
  77.00000   15.00000   15.00000    0.00000    0.04719    0.04351    0.04715    0.02470    0.12838    0.16990    0.11706    0.09452    0.12321    0.27040    0.16933    0.13721    0.33108    0.34290    0.21987
  84.00000   15.00000   15.00000    0.00000    0.04866    0.04902    0.04726    0.08784    0.11483    0.12775    0.14484    0.13651    0.25203    0.24274    0.31609    0.24392    0.24907    0.34179    0.26946
  91.00000   15.00000   15.00000    0.00000    0.04232    0.03058    0.04145    0.02022    0.15699    0.20050    0.21680    0.20017    0.24289    0.31363    0.27673    0.24283    0.27907    0.34669    0.22746
  98.00000   15.00000   15.00000    0.00000    0.04520    0.05731    0.03685    0.06585    0.21426    0.12006    0.12876    0.11565    0.21560    0.37801    0.34427    0.36793    0.28825    0.32661    0.33809
 105.00000   15.00000   15.00000    0.00000    0.04575    0.04138    0.02744    0.07272    0.20133    0.13868    0.12143    0.09271    0.16965    0.28856    0.41559    0.36304    0.31436    0.36617    0.44657
 112.00000   15.00000   15.00000    0.00000    0.03966    0.05222    0.04056    0.06810    0.16432    0.14046    0.09201    0.03049    0.20519    0.41117    0.46713    0.36239    0.34402    0.51524    0.45325
 119.00000   15.00000   15.00000    0.00000    0.03593    0.04000    0.03648    0.04502    0.09781    0.03011    0.10227    0.14085    0.14496    0.50468    0.31807    0.34144    0.47184    0.45041    0.43336
 126.00000   15.00000   15.00000    0.00000    0.03792    0.03691    0.04672    0.03941    0.05512    0.04379    0.02832    0.04667    0.18530    0.50077    0.40840    0.37948    0.59196    0.49090    0.51509
 133.00000   15.00000   15.00000    0.00000    0.03701    0.03223    0.02523    0.04569    0.08196    0.08780    0.01645    0.01941    0.14810    0.51446    0.52016    0.46880    0.48193    0.61517    0.56996
 140.00000   15.00000   15.00000    0.00000    0.03826    0.03458    0.03226    0.03367    0.05766    0.00615    0.04259    0.07004    0.09349    0.48256    0.48497    0.54204    0.65135    0.66783    0.47797
 147.00000   15.00000   15.00000    0.00000    0.03613    0.03813    0.03403    0.04482    0.11425    0.09091    0.03759    0.00000    0.25926    0.53440    0.64072    0.61788    0.57100    0.54394    0.51546
 161.00000   15.00000   15.00000    0.00000    0.03661    0.04663    0.02504    0.02008    0.06163    0.04851    0.05924    0.03926    0.18137    0.60808    0.61605    0.58463    0.41472    0.50305    0.50012
 182.00000   15.00000   15.00000    0.00000    0.03445    0.04008    0.02643    0.07008    0.09574    0.07871    0.00000    0.01384    0.16554    0.48834    0.60026    0.64243    0.57374    0.51125    0.68962
 189.00000   15.00000   15.00000    0.00000    0.03212    0.04265    0.02646    0.05141    0.02926    0.05384    0.05186    0.00000    0.15770    0.56179    0.57381    0.63843    0.62561    0.59025    0.71909
 210.00000   15.00000   15.00000    0.00000    0.03418    0.03504    0.04233    0.02630    0.09239    0.06673    0.00000    0.03751    0.15931    0.58892    0.55613    0.49691    0.56800    0.52507    0.48344
 217.00000   15.00000   15.00000    0.00000    0.03891    0.03921    0.02129    0.02212    0.08780    0.07330    0.00000    0.00000    0.20745    0.50741    0.53374    0.53224    0.55989    0.59842    0.47815
 231.00000   15.00000   15.00000    0.00000    0.03611    0.03423    0.02033    0.04579    0.04804    0.12361    0.07481    0.00696    0.07662    0.49951    0.58660    0.49949    0.58362    0.45071    0.62867
 238.00000   15.00000   15.00000    0.00000    0.03771    0.03823    0.03816    0.04482    0.08496    0.12237    0.06826    0.08589    0.21192    0.38234    0.43764    0.38237    0.42113    0.45930    0.64327
 252.00000   15.00000   15.00000    0.00000    0.03919    0.04979    0.06527    0.06354    0.21477    0.14267    0.08965    0.11162    0.29680    0.43002    0.45891    0.30995    0.34257    0.47424    0.35664
 259.00000   15.00000   15.00000    0.00000    0.04161    0.04615    0.03218    0.04628    0.19745    0.15942    0.11945    0.11644    0.33336    0.53575    0.30432    0.33023    0.36322    0.49212    0.40518
 266.00000   15.00000   15.00000    0.00000    0.04184    0.03914    0.03345    0.03666    0.21421    0.16719    0.10564    0.20170    0.30311    0.30835    0.34067    0.32692    0.27756    0.28496    0.14769
 273.00000   15.00000   15.00000    0.00000    0.04521    0.03808    0.05041    0.07347    0.13831    0.20745    0.21484    0.17194    0.16614    0.30214    0.22166    0.32261    0.43240    0.31789    0.27020
 287.00000   15.00000   15.00000    0.00000    0.04632    0.04225    0.06294    0.07813    0.12146    0.09789    0.04735    0.21274    0.13627    0.25158    0.30347    0.14366    0.14785    0.24483    0.05501
 294.00000   15.00000   15.00000    0.00000    0.04771    0.04377    0.04186    0.05339    0.13787    0.10643    0.10748    0.07344    0.14548    0.17023    0.13139    0.20964    0.16027    0.20337    0.28955
 301.00000   15.00000   15.00000    0.00000    0.04682    0.04909    0.03374    0.07175    0.08692    0.13104    0.04116    0.10202    0.20157    0.10689    0.06752    0.14058    0.15780    0.26224    0.10003
 308.00000   15.00000   15.00000    0.00000    0.04759    0.05151    0.05032    0.06442    0.10629    0.08406    0.03737    0.06138    0.19972    0.25515    0.25274    0.06215    0.15530    0.14857    0.13275
 315.00000   15.00000   15.00000    0.00000    0.04650    0.04636    0.06715    0.06629    0.10894    0.06114    0.10946    0.00000    0.18426    0.29411    0.18100    0.17617    0.15153    0.28401    0.15169
 343.00000   15.00000   15.00000    0.00000    0.04908    0.04461    0.05821    0.06850    0.03317    0.11264    0.07429    0.08400    0.13011    0.08924    0.18359    0.08961    0.11710    0.16492    0.15761
 357.00000   15.00000   15.00000    0.00000    0.04848    0.05113    0.05871    0.02863    0.10507    0.10470    0.07686    0.08618    0.06287    0.16004    0.25320    0.08727    0.05055    0.16519    0.12300
