   7.00000   15.00000   15.00000    0.00000    0.08947    0.15682    0.04634    0.08649    0.22863    0.19833    0.10594
  14.00000   15.00000   15.00000    0.00000    0.08760    0.17220    0.04701    0.08874    0.23364    0.21869    0.16993
  21.00000   15.00000   15.00000    0.00000    0.08595    0.16090    0.04640    0.08604    0.20414    0.26856    0.16096
  28.00000   15.00000   15.00000    0.00000    0.09425    0.17321    0.04816    0.08427    0.22517    0.22464    0.11689
  35.00000   15.00000   15.00000    0.00000    0.08607    0.16213    0.04738    0.08979    0.21452    0.19348    0.09683
  42.00000   15.00000   15.00000    0.00000    0.09044    0.16821    0.04607    0.09326    0.27676    0.20470    0.14184
  49.00000   15.00000   15.00000    0.00000    0.09533    0.15935    0.04850    0.09704    0.24298    0.19636    0.17401
  63.00000   15.00000   15.00000    0.00000    0.09891    0.17046    0.04606    0.10523    0.25995    0.23419    0.17046
  77.00000   15.00000   15.00000    0.00000    0.10605    0.24472    0.04743    0.14130    0.29750    0.18089    0.17123
  84.00000   15.00000   15.00000    0.00000    0.12758    0.27022    0.04714    0.15446    0.28648    0.24802    0.08867
  91.00000   15.00000   15.00000    0.00000    0.13976    0.29966    0.04834    0.17471    0.32130    0.22125    0.10936
  98.00000   15.00000   15.00000    0.00000    0.15612    0.32611    0.04586    0.19877    0.32909    0.21620    0.09706
 105.00000   15.00000   15.00000    0.00000    0.12985    0.37063    0.04676    0.20101    0.37261    0.25379    0.11357
 112.00000   15.00000   15.00000    0.00000    0.10076    0.41922    0.04270    0.16975    0.33524    0.25353    0.03629
 119.00000   15.00000   15.00000    0.00000    0.06265    0.44790    0.04071    0.11089    0.37031    0.21659    0.14165
 133.00000   15.00000   15.00000    0.00000    0.04480    0.52656    0.03773    0.07296    0.32699    0.16094    0.08129
 147.00000   15.00000   15.00000    0.00000    0.02987    0.56776    0.03760    0.07087    0.35843    0.09210    0.02834
 154.00000   15.00000   15.00000    0.00000    0.02955    0.58275    0.03869    0.07492    0.35910    0.15135    0.05624
 175.00000   15.00000   15.00000    0.00000    0.03734    0.61035    0.03855    0.07283    0.35056    0.15008    0.07799
 189.00000   15.00000   15.00000    0.00000    0.03139    0.61584    0.04022    0.07095    0.36015    0.08262    0.02401
 203.00000   15.00000   15.00000    0.00000    0.03315    0.61073    0.03837    0.06728    0.35129    0.13465    0.00000
 217.00000   15.00000   15.00000    0.00000    0.02875    0.57331    0.03859    0.07387    0.37497    0.11051    0.04708
 224.00000   15.00000   15.00000    0.00000    0.04267    0.55497    0.03728    0.07417    0.39390    0.15338    0.03692
 231.00000   15.00000   15.00000    0.00000    0.04060    0.53844    0.03925    0.08055    0.34984    0.15684    0.05841
 238.00000   15.00000   15.00000    0.00000    0.04840    0.50752    0.03914    0.10665    0.35490    0.17827    0.08273
 245.00000   15.00000   15.00000    0.00000    0.08719    0.47096    0.04320    0.15978    0.44468    0.21451    0.11169
 252.00000   15.00000   15.00000    0.00000    0.13476    0.43285    0.04454    0.21545    0.40998    0.27063    0.09678
 259.00000   15.00000   15.00000    0.00000    0.14709    0.38160    0.04693    0.21691    0.36259    0.27910    0.10086
 266.00000   15.00000   15.00000    0.00000    0.15103    0.32865    0.04741    0.20277    0.34276    0.25813    0.08060
 280.00000   15.00000   15.00000    0.00000    0.13241    0.25015    0.04819    0.16043    0.26936    0.26167    0.12606
 294.00000   15.00000   15.00000    0.00000    0.11382    0.22272    0.04800    0.12273    0.30216    0.26097    0.05770
 315.00000   15.00000   15.00000    0.00000    0.09137    0.17571    0.04766    0.09750    0.28792    0.21817    0.09837
 329.00000   15.00000   15.00000    0.00000    0.08196    0.16492    0.04905    0.08841    0.23413    0.15689    0.18536
 336.00000   15.00000   15.00000    0.00000    0.09101    0.16260    0.04727    0.09181    0.23295    0.22252    0.11484
 364.00000   15.00000   15.00000    0.00000    0.08486    0.15180    0.04721    0.08852    0.24888    0.16909    0.10663
