   7.00000   15.00000   15.00000    0.00000    0.04552    0.08762    0.15833    0.26913
  14.00000   15.00000   15.00000    0.00000    0.04635    0.09015    0.14831    0.25377
  21.00000   15.00000   15.00000    0.00000    0.04720    0.08033    0.18346    0.35043
  28.00000   15.00000   15.00000    0.00000    0.04665    0.11073    0.16003    0.29719
  35.00000   15.00000   15.00000    0.00000    0.04625    0.09373    0.08547    0.12729
  42.00000   15.00000   15.00000    0.00000    0.04464    0.06794    0.14805    0.23084
  49.00000   15.00000   15.00000    0.00000    0.04628    0.09082    0.11381    0.32501
  70.00000   15.00000   15.00000    0.00000    0.04357    0.11161    0.17141    0.31179
  77.00000   15.00000   15.00000    0.00000    0.04775    0.11258    0.22582    0.15871
  91.00000   15.00000   15.00000    0.00000    0.04387    0.17108    0.33419    0.26262
  98.00000   15.00000   15.00000    0.00000    0.04784    0.17931    0.32841    0.17350
 119.00000   15.00000   15.00000    0.00000    0.04188    0.09084    0.43193    0.22307
 133.00000   15.00000   15.00000    0.00000    0.03815    0.10001    0.47543    0.28906
 147.00000   15.00000   15.00000    0.00000    0.03678    0.10325    0.52168    0.05103
 154.00000   15.00000   15.00000    0.00000    0.03613    0.09323    0.53441    0.00000
 161.00000   15.00000   15.00000    0.00000    0.03884    0.05315    0.57200    0.07671
 168.00000   15.00000   15.00000    0.00000    0.03926    0.08890    0.56347    0.06605
 175.00000   15.00000   15.00000    0.00000    0.03712    0.07758    0.50820    0.18452
 182.00000   15.00000   15.00000    0.00000    0.03467    0.07931    0.54406    0.18051
 189.00000   15.00000   15.00000    0.00000    0.04148    0.10800    0.50427    0.29198
 196.00000   15.00000   15.00000    0.00000    0.03435    0.10035    0.58508    0.32555
 210.00000   15.00000   15.00000    0.00000    0.03981    0.06603    0.48127    0.04771
 217.00000   15.00000   15.00000    0.00000    0.04240    0.08868    0.50022    0.10652
 224.00000   15.00000   15.00000    0.00000    0.03729    0.08744    0.50771    0.06683
 238.00000   15.00000   15.00000    0.00000    0.03290    0.10185    0.45944    0.19563
 245.00000   15.00000   15.00000    0.00000    0.03883    0.15865    0.40909    0.33379
 252.00000   15.00000   15.00000    0.00000    0.04957    0.18886    0.41729    0.23399
 280.00000   15.00000   15.00000    0.00000    0.04339    0.19490    0.26205    0.09716
 294.00000   15.00000   15.00000    0.00000    0.04459    0.15438    0.18376    0.23276
 308.00000   15.00000   15.00000    0.00000    0.04432    0.09497    0.15151    0.32220
 315.00000   15.00000   15.00000    0.00000    0.04396    0.09573    0.11287    0.19279
 322.00000   15.00000   15.00000    0.00000    0.04620    0.08455    0.15417    0.29675
 329.00000   15.00000   15.00000    0.00000    0.04567    0.11373    0.14999    0.19032
 357.00000   15.00000   15.00000    0.00000    0.04159    0.06428    0.14849    0.18736
 364.00000   15.00000   15.00000    0.00000    0.04340    0.08810    0.17672    0.17956
